[[20.73609654 16.17530138 15.07399884 11.38272145 14.90516731]
 [ 0.          0.          0.          0.          0.        ]
 [25.43259519 25.4943126  23.19932157 22.01516692 24.51102574]
 [23.4008573  19.86805206 21.40217179 20.89066281 20.81645331]
 [ 0.          0.          0.          0.          0.        ]
 [30.91497601  5.17704407 10.39318013  9.09289981  6.03567717]]
[[21.8873469  14.17979455 20.48180161 10.48901653 14.13227985]
 [ 0.          0.          0.          0.          0.        ]
 [22.76312327 15.68369529  7.67960126 14.25592542 26.21529382]
 [22.00712507 22.1850316  22.13078533 17.3042363  18.90563637]
 [ 0.          0.          0.          0.          0.        ]
 [30.81272284 16.79401649 19.37242802 19.99850156 20.32172387]]
[[27.82676225 25.5410617  42.95988077 22.68160613 32.26167344]
 [ 0.          0.          0.          0.          0.        ]
 [41.49984945 19.14906143 30.61718624 23.02222452 17.36125311]
 [ 9.57153975  6.98788998 10.05102522  6.43418699 23.41640288]
 [ 0.          0.          0.          0.          0.        ]
 [37.9305844  42.47727435 36.04780601 35.05042127 31.52432855]]
[[21.15244869  5.82212485  6.46267216  8.11642762  3.93862255]
 [ 0.          0.          0.          0.          0.        ]
 [37.95416648 28.7559819  30.60963071 22.64090263 24.96913341]
 [11.38986052 14.77073969 22.68431773 11.02788954  9.3998157 ]
 [ 0.          0.          0.          0.          0.        ]
 [28.60998593 24.68236069 25.31180464 25.3745163  27.975175  ]]
[[20.78097927 12.48657263 13.35902362 14.73886896 16.79235874]
 [ 0.          0.          0.          0.          0.        ]
 [22.71392155 18.26713894 22.24021858 22.61722096 22.60907619]
 [21.1355226  12.08360953 10.14266389 12.32461664 10.85096491]
 [ 0.          0.          0.          0.          0.        ]
 [22.07642656 22.04831117 18.25132516 19.34860096 21.93349873]]
[[21.3952271  10.96142828  8.36097889  8.06592987  8.08297426]
 [ 0.          0.          0.          0.          0.        ]
 [23.28806057 25.90682632 23.87029057 21.79147247 23.72541984]
 [23.86313468 23.53637141 21.76685053 23.56877026 23.40894398]
 [ 0.          0.          0.          0.          0.        ]
 [23.25979159 17.16608496 23.08030096  8.01549399  5.52339102]]
[[20.88683175 14.77453786 12.37007991 13.89585843 10.02454653]
 [ 0.          0.          0.          0.          0.        ]
 [24.66176786 24.59410324 26.10634741 22.4562331  20.07264603]
 [16.93652416 11.51797139 12.24789969  7.30010082  8.3197616 ]
 [ 0.          0.          0.          0.          0.        ]
 [26.99474826 13.57883982 20.75650203 21.71988789 19.58475838]]
[[20.16720826 16.72842146 13.16263909 19.86165756  9.62227122]
 [ 0.          0.          0.          0.          0.        ]
 [21.37765297 18.24003237 19.79322437 17.64953051 21.43219022]
 [17.97841385 17.88935722 22.2881781  18.23426329 17.48315889]
 [ 0.          0.          0.          0.          0.        ]
 [21.35280935 13.96367348 15.70216829 15.81483368  5.2945553 ]]
[[20.133827    8.86014164 10.99382464 10.88263308  5.6448052 ]
 [ 0.          0.          0.          0.          0.        ]
 [22.78996932 20.85224242 23.14646475 22.67850204 21.15812163]
 [19.38156049  8.77695951  8.87575756 11.88412132 10.11271256]
 [ 0.          0.          0.          0.          0.        ]
 [26.95693959 26.7492284  25.54657041 26.83437872 26.55442409]]
[[22.12391481 21.95598523 22.15427177 17.72943394 21.1785466 ]
 [ 0.          0.          0.          0.          0.        ]
 [22.49215143 20.19944902 20.69610154 23.0172609  22.84432976]
 [21.75484258 18.22204392 25.06179416 21.68454022 22.46448937]
 [ 0.          0.          0.          0.          0.        ]
 [24.25871095  9.92628431 10.3214126   8.53825861 14.4057653 ]]
[[20.18015912 18.47372399 16.78024985 13.59479224 15.27376459]
 [ 0.          0.          0.          0.          0.        ]
 [19.79021818 19.9561926  20.41368853 22.35062027 17.59322612]
 [17.78924581 16.45718031 20.70224185 17.62216252 17.73681008]
 [ 0.          0.          0.          0.          0.        ]
 [30.99215273  6.65982726 10.32698952 15.54477086 11.56550281]]
[[20.76906026  7.06799728  7.36229007  4.70773451  9.17550195]
 [ 0.          0.          0.          0.          0.        ]
 [22.6287418  22.76225304 22.5751999  22.75259211 22.71461684]
 [18.09832828 14.03343862 19.84292917 17.69751662 14.86738847]
 [ 0.          0.          0.          0.          0.        ]
 [24.08255431 11.40572843 12.03269983  9.43817456  6.95605096]]
[[28.72493663 29.22595096 31.98800669 27.33885592 27.06760389]
 [ 0.          0.          0.          0.          0.        ]
 [13.24725539 13.88816356 10.65126844  7.83516121 13.32069758]
 [ 0.7         0.55526815 13.3157317   1.2684842   0.98413166]
 [ 0.          0.          0.          0.          0.        ]
 [31.25640943 31.8487229  31.6816259  31.37261541 31.78559397]]
[[24.48268244 19.33520138 16.60665551 13.04421519  5.69556355]
 [ 0.          0.          0.          0.          0.        ]
 [19.70735614 24.66445513 19.86962345 19.2116955  16.97086976]
 [21.13269135 11.78040031 17.0996867  16.39134301 13.53731409]
 [ 0.          0.          0.          0.          0.        ]
 [29.05392064 28.72038464 28.27113476 28.33388548 24.86646684]]
[[20.8213297  23.6118098  27.88424186 20.53902766 18.29721839]
 [ 0.          0.          0.          0.          0.        ]
 [31.70633653 23.27805592 23.4827739  24.93516134 21.3658264 ]
 [13.27109799 10.18687901 11.55295014 11.16107166 21.35492427]
 [ 0.          0.          0.          0.          0.        ]
 [22.29074076 11.87820129 11.2125177  15.8442812  17.09313102]]
[[16.26695648 20.04084055 24.40682321 18.7237589  20.24450475]
 [ 0.          0.          0.          0.          0.        ]
 [25.96455034 24.56516811 41.92206096 21.77095672 27.84735357]
 [ 4.842778    3.31741842 12.66496718  4.93303076  2.72392364]
 [ 0.          0.          0.          0.          0.        ]
 [44.17205404 26.0318673  28.80634019 20.62933229 23.07997475]]
[[25.0880489  24.96782305 25.19706392 24.75177858 24.99068112]
 [ 0.          0.          0.          0.          0.        ]
 [21.92391379 20.11666673 16.33475645 13.66527184 20.2426862 ]
 [ 5.91551357 18.83117467  3.41397265  0.          0.        ]
 [ 0.          0.          0.          0.          0.        ]
 [35.40895164 38.20929581 34.80928849 35.26745608 34.93475979]]
[[ 9.3038137   3.38694091 32.25797653 13.98756423 11.95214431]
 [ 0.          0.          0.          0.          0.        ]
 [25.31292093 29.1272173  24.89798763 24.18299476 22.95894822]
 [29.32777538 21.31984809 22.91258322 22.13662962 20.51200619]
 [ 0.          0.          0.          0.          0.        ]
 [22.12289799 17.05884938 12.8082454  16.40753224 36.23309121]]
[[32.17492607 31.23564527 42.96563947 21.80426227 18.78267982]
 [ 0.          0.          0.          0.          0.        ]
 [ 2.71481551  0.         29.72841764  3.85858841  0.        ]
 [ 9.57033119  6.90492139  9.47861682 14.53127455  8.84560384]
 [ 0.          0.          0.          0.          0.        ]
 [37.61744235 45.05510339 37.76936701 35.39797588 33.8150462 ]]
[[21.60114331 24.11076923 34.23917137 24.01625679 23.03573933]
 [ 0.          0.          0.          0.          0.        ]
 [ 1.         21.53126036  0.          0.          1.40407692]
 [ 7.79789168 15.91678119  4.54532289  1.8442972   2.15105869]
 [ 0.          0.          0.          0.          0.        ]
 [25.4057765  24.08116609 21.56990602 19.96947018 22.47862454]]
[[29.21431556 29.60009309 43.08147002 28.33211043 27.6319187 ]
 [ 0.          0.          0.          0.          0.        ]
 [ 0.          0.          1.7172747   2.14714529 26.65485205]
 [11.56256916 13.28398873 23.59793378 13.38868218 12.02047278]
 [ 0.          0.          0.          0.          0.        ]
 [37.86060308 32.11354316 34.76643294 35.09278574 48.78425365]]
[[19.91402548 18.95724548 15.66109921 16.4031402  17.05393312]
 [ 0.          0.          0.          0.          0.        ]
 [16.45863475 15.59203236 12.43743038 19.5225119  14.09086141]
 [ 5.32424801  6.03380199 20.51766    12.7191053  11.50688778]
 [ 0.          0.          0.          0.          0.        ]
 [ 4.9532758   0.          3.9885236   0.         18.86493452]]
[[19.66328371 21.59209418 37.08969522 17.93988367 17.17974546]
 [ 0.          0.          0.          0.          0.        ]
 [12.01999763  9.47215105 25.07207078 11.00396297  4.98098537]
 [19.23942751 10.42522358 13.18506094  8.22436146  8.10466203]
 [ 0.          0.          0.          0.          0.        ]
 [26.3729655  28.46910372 30.44401866 28.66058909 45.88120992]]
[[23.0802996  23.00192085 23.34782512 24.37088374 23.35311622]
 [ 0.          0.          0.          0.          0.        ]
 [16.99151698 14.40355692 13.45103715 13.00270547 21.59167399]
 [20.79141855 14.90273415 17.0559019  19.39140696 19.04955058]
 [ 0.          0.          0.          0.          0.        ]
 [10.31657327 37.353888    4.89924311 19.29781692  8.46059661]]
[[26.62447341 25.21891604 38.08529625 28.73403693 24.58507069]
 [ 0.          0.          0.          0.          0.        ]
 [ 3.54777408 21.32587906  2.93915396  3.60400987  0.        ]
 [15.2307764  15.25496554 12.89057481 15.05487123  8.52022215]
 [ 0.          0.          0.          0.          0.        ]
 [30.53755233 26.5616446  26.32950103 29.86846727 37.94608534]]
