[[24.25259852 14.39591837 15.96326316]
 [ 0.          0.          0.        ]
 [28.18435357 29.29957423 27.57506628]
 [20.6227381  21.07614274 20.60714777]
 [ 0.          0.          0.        ]
 [37.50359663 30.36811963 31.7808985 ]]
[[26.49000439 20.42535967 21.68573191]
 [ 0.          0.          0.        ]
 [26.30037236 29.40634314 25.73488844]
 [23.92668003 27.61362858 25.56658633]
 [ 0.          0.          0.        ]
 [37.2930685  32.79759378 29.18328813]]
[[23.42769551 26.57820932 22.8860404 ]
 [ 0.          0.          0.        ]
 [35.82269095 30.16295147 32.12494108]
 [16.65094963 20.11690777 17.78612878]
 [ 0.          0.          0.        ]
 [32.09802979 25.29734637 26.03681914]]
[[18.83661414 23.28723586 20.53512766]
 [ 0.          0.          0.        ]
 [30.99171579 33.28702569 43.70094717]
 [16.3809459  20.70350264 15.17664013]
 [ 0.          0.          0.        ]
 [37.31389545 25.29826253 16.36183652]]
[[20.15492506 18.35913208 27.7114637 ]
 [ 0.          0.          0.        ]
 [26.75601018 26.78685199 26.99534554]
 [17.24454761 23.42290709  8.66333134]
 [ 0.          0.          0.        ]
 [27.08512722 25.90362601 26.60955451]]
[[24.29124666 22.1462265  20.73739057]
 [ 0.          0.          0.        ]
 [27.52621091 27.30090139 27.73482612]
 [12.03418734 19.43407719 10.97303141]
 [ 0.          0.          0.        ]
 [31.54736317 28.83472163 31.22806315]]
[[22.77790558 23.13941521 21.89569173]
 [ 0.          0.          0.        ]
 [29.49179637 23.66202973 17.93161455]
 [15.8701612  22.24752177 18.32552849]
 [ 0.          0.          0.        ]
 [27.89141695 30.63646196 36.86283443]]
[[26.6406057  26.96489614 26.56315325]
 [ 0.          0.          0.        ]
 [29.01272103 24.78413508 25.55294123]
 [18.61261111 21.34949405 19.1149913 ]
 [ 0.          0.          0.        ]
 [31.41709567 29.49010705 31.7075404 ]]
[[20.3989935  13.5660762  16.87423748]
 [ 0.          0.          0.        ]
 [28.02852847 29.16721487 27.83271385]
 [20.50295065 19.80046178 19.22012993]
 [ 0.          0.          0.        ]
 [27.92962025 31.80912983 27.73924381]]
[[26.40283546 19.42282351 14.90286483]
 [ 0.          0.          0.        ]
 [25.99058041 26.31366835 25.30497442]
 [22.81273718 19.90810374 18.45210217]
 [ 0.          0.          0.        ]
 [28.55644401 24.14659731 28.44654713]]
[[27.04205578 19.16678569 18.78754719]
 [ 0.          0.          0.        ]
 [34.95231084 33.30590458 41.26718214]
 [15.62886047 17.63308425 16.72311519]
 [ 0.          0.          0.        ]
 [32.8019839  31.1429632  31.02954218]]
[[17.03304713 22.22930919 22.88131451]
 [ 0.          0.          0.        ]
 [33.9182661  24.5655488  23.36229387]
 [14.88255494 16.52773561 15.52769818]
 [ 0.          0.          0.        ]
 [29.48444448 29.88102092 30.3871874 ]]
[[20.02810272 21.8760637  18.18857524]
 [ 0.          0.          0.        ]
 [22.86445575 23.61756586 22.84707186]
 [19.23017871 20.1466759  15.91442083]
 [ 0.          0.          0.        ]
 [21.8394747  24.92974287 18.65675935]]
[[20.43839255 20.0881571  18.65414636]
 [ 0.          0.          0.        ]
 [26.48239438 29.51911936 27.25192729]
 [18.87748038 23.28264883 18.58978095]
 [ 0.          0.          0.        ]
 [31.45763631 23.49304613 28.5349894 ]]
[[26.26967608 13.34813256 15.18274083]
 [ 0.          0.          0.        ]
 [32.46174855 32.46204543 31.72474114]
 [18.41074841 28.15285635 24.57946094]
 [ 0.          0.          0.        ]
 [32.68490856 33.3071294  34.33132527]]
[[23.65975696 13.03985415 15.90912986]
 [ 0.          0.          0.        ]
 [28.51412785 28.4750407  27.93568362]
 [21.20194299 24.60351085 20.22485018]
 [ 0.          0.          0.        ]
 [31.78870825 26.03075576 32.87311205]]
[[22.96860068 22.57856552 22.79468053]
 [ 0.          0.          0.        ]
 [24.86730368 28.30692796 24.57624602]
 [19.83868962 22.20052541 19.86010912]
 [ 0.          0.          0.        ]
 [20.3682733  27.23944728 20.00310312]]
[[20.97037943 21.98707222 21.15137059]
 [ 0.          0.          0.        ]
 [27.31196566 20.93758974 20.43214241]
 [16.70959559 20.85661865 14.69485699]
 [ 0.          0.          0.        ]
 [30.77802885 30.58186922 32.87691108]]
[[18.55724877 19.9816516  20.13153841]
 [ 0.          0.          0.        ]
 [24.55845374 27.71793859 25.23788251]
 [16.48172347 18.61627579 16.29306855]
 [ 0.          0.          0.        ]
 [20.92524181 27.73814417 23.17733845]]
[[21.03662018 10.6694088  17.60007925]
 [ 0.          0.          0.        ]
 [27.52373073 33.85730175 27.00429517]
 [23.20914636 30.49344145 21.75730341]
 [ 0.          0.          0.        ]
 [35.59248748 29.53128708 32.79516233]]
[[17.34211718 17.32765146 19.46201777]
 [ 0.          0.          0.        ]
 [29.31089869 22.89553083 22.20377954]
 [18.26414474 18.48631557 17.83296837]
 [ 0.          0.          0.        ]
 [34.58625134 25.32425469 28.1849726 ]]
[[21.35337004 23.32039705 22.63269765]
 [ 0.          0.          0.        ]
 [24.88920431 21.68975175 23.57626847]
 [13.65126202 22.60274642 13.48506881]
 [ 0.          0.          0.        ]
 [21.36586743 28.82011103 15.25329028]]
[[18.71445965 16.92099881 16.74351612]
 [ 0.          0.          0.        ]
 [25.66839656 22.33983098 21.25514161]
 [20.80817522 17.27612809 17.52115949]
 [ 0.          0.          0.        ]
 [30.89340113 29.14149734 30.44862144]]
[[30.38409235 23.46351082 16.62085904]
 [ 0.          0.          0.        ]
 [28.61029413 25.19894484 22.83309464]
 [ 9.24797921 23.70688089 11.81881555]
 [ 0.          0.          0.        ]
 [31.24483747 29.75609256 30.11753945]]
[[21.11016678 15.58997111 15.44148266]
 [ 0.          0.          0.        ]
 [23.10834732 22.91818947 24.38224673]
 [15.61040191 20.55257842 17.08246301]
 [ 0.          0.          0.        ]
 [31.78760533 28.52462093 25.92089034]]
