[[27.33763379 12.90632487 10.13236454 16.21041837]
 [ 0.          0.          0.          0.        ]
 [18.84260908 26.94786231 23.00234945 23.29556919]
 [25.04051366 24.95764315 27.38291737 25.05220846]
 [ 0.          0.          0.          0.        ]
 [30.9137012  16.25184141 21.51395672 20.47966539]]
[[25.87368884  7.26294323  8.3672571  10.75255329]
 [ 0.          0.          0.          0.        ]
 [28.61405179 28.59779    28.71169081 28.43389767]
 [24.76374856 23.89318205 25.09587937 25.20304398]
 [ 0.          0.          0.          0.        ]
 [ 5.93264818 20.20663997  0.          4.5734968 ]]
[[30.09591116 26.81444371 30.47363717 22.52549439]
 [ 0.          0.          0.          0.        ]
 [ 2.77221794 27.92160497  3.0500776  11.35347412]
 [ 0.          0.         14.00522336  0.        ]
 [ 0.          0.          0.          0.        ]
 [29.71358    35.99024253 26.50464384 27.98420466]]
[[18.02184105  2.18765656  3.17061089  1.61026225]
 [ 0.          0.          0.          0.        ]
 [43.52648023 42.35244088 50.27783679 42.7988398 ]
 [ 4.93590115  1.168208   16.55105434  3.07832702]
 [ 0.          0.          0.          0.        ]
 [48.95435029 35.27251547 36.91395392 36.36450199]]
[[23.25107334 19.40636051 19.5507136  21.34545805]
 [ 0.          0.          0.          0.        ]
 [14.24781193 16.72565052 24.28330037 10.74148617]
 [22.80456114 19.63272017 19.88715362 16.53130742]
 [ 0.          0.          0.          0.        ]
 [12.35830958 11.74976968 12.46807853 24.03695571]]
[[25.37691211  5.55692912  4.85257016  6.42099194]
 [ 0.          0.          0.          0.        ]
 [23.55419679 23.51161195 23.81755805 23.40493523]
 [18.74358831 17.98110559 17.78522687 15.86573257]
 [ 0.          0.          0.          0.        ]
 [22.1100765  17.75352806 19.15626861 25.93065859]]
[[18.72054941  3.12414348  5.65753609  7.15865271]
 [ 0.          0.          0.          0.        ]
 [24.83106791 27.71276268 24.6475493  24.98841402]
 [22.56367937 15.92021748  5.14969531 12.24803575]
 [ 0.          0.          0.          0.        ]
 [33.34553783 30.34082596 32.92184251 29.06478048]]
[[21.37001612 22.55230015 33.14101972 22.10178293]
 [ 0.          0.          0.          0.        ]
 [12.63896489 13.19087756 29.97276573 14.55645541]
 [ 8.88811846 10.58268998  8.77519929 12.59969315]
 [ 0.          0.          0.          0.        ]
 [24.45859096 33.25662594 21.19610908 21.19831241]]
[[22.60741556 21.37198351 21.5041988  26.0922907 ]
 [ 0.          0.          0.          0.        ]
 [18.54307745 25.91119797 11.47225502 11.98056919]
 [22.84756303 18.91554643 25.79245659 16.47034159]
 [ 0.          0.          0.          0.        ]
 [25.9333089  22.83436128 19.80572438 20.3206579 ]]
[[26.29568204 22.14529709 21.69963943 18.1513665 ]
 [ 0.          0.          0.          0.        ]
 [22.97139163 22.56308907 25.75945209 22.24791466]
 [20.5949567  15.24630709 16.80514368 15.79668044]
 [ 0.          0.          0.          0.        ]
 [10.7670273  26.20712083  6.16857285 12.32101708]]
[[23.00669576 13.11827588 16.64447457 15.30954048]
 [ 0.          0.          0.          0.        ]
 [22.48718103 23.18700736 21.48901165 22.43950955]
 [22.03096647 22.17322784 23.0228897  21.76659631]
 [ 0.          0.          0.          0.        ]
 [ 2.56226015 21.05929917  9.15608128  9.38879727]]
[[29.09659626 27.65701843 27.35586424 26.05479052]
 [ 0.          0.          0.          0.        ]
 [24.43917998 25.90054371 22.28770392 20.5864006 ]
 [14.01215309 16.45064789 27.73806999 21.0334379 ]
 [ 0.          0.          0.          0.        ]
 [15.63634959 14.41445637 14.78548329 29.07019157]]
[[18.40343642 14.35992771 23.76617237 20.51129471]
 [ 0.          0.          0.          0.        ]
 [32.80399187 31.1492648  36.29384362 34.04495005]
 [ 1.22496836  1.06708172 11.03648533  0.93943991]
 [ 0.          0.          0.          0.        ]
 [34.35699287 25.34942437 27.79199047 29.15928357]]
[[ 8.02780616  5.0965194   4.56160235 11.2045814 ]
 [ 0.          0.          0.          0.        ]
 [23.5788687  26.09665983 23.81758442 23.90526645]
 [22.13237936 18.10860933 17.60655786 15.69498072]
 [ 0.          0.          0.          0.        ]
 [ 0.         16.7128274   1.12050836  0.        ]]
[[27.72737608 28.17758529 36.47249985 27.32076416]
 [ 0.          0.          0.          0.        ]
 [21.10490484  9.58655888 25.89976617 19.27087241]
 [12.92218111 14.52521186 23.16661829 11.62427816]
 [ 0.          0.          0.          0.        ]
 [24.82913286 34.88235334 24.20733895 23.03656819]]
[[25.69440309 10.07426719 21.4765355  16.01381588]
 [ 0.          0.          0.          0.        ]
 [24.47982669 23.41251592 15.9591875  26.23729108]
 [23.34771507 22.33384796 26.00220771 22.94628061]
 [ 0.          0.          0.          0.        ]
 [19.22472669 20.29671344 21.97880555 26.3791368 ]]
[[18.85893161 22.02253002 34.81031222 23.30695972]
 [ 0.          0.          0.          0.        ]
 [25.86148287 25.80469809 26.13027495 25.79228668]
 [21.76296507 21.91315284 23.4626892  20.75938309]
 [ 0.          0.          0.          0.        ]
 [ 0.          5.25732957  5.85505738 31.3716507 ]]
[[28.31130992 13.99126302 17.38844257 12.52598724]
 [ 0.          0.          0.          0.        ]
 [21.9926845  29.60089105 12.9808994  17.29672402]
 [28.936605   29.54452428 28.81419522 32.5867132 ]
 [ 0.          0.          0.          0.        ]
 [11.49961314 12.66355864 14.86141174 22.11239765]]
[[24.58711864 23.89514301 24.62556786 24.92979118]
 [ 0.          0.          0.          0.        ]
 [25.55800639 24.63473924 26.71527859 23.27598153]
 [25.82981711 15.67974411 19.78507013 15.48607664]
 [ 0.          0.          0.          0.        ]
 [23.90779629 25.57355602 24.54655624 26.14597869]]
[[25.23933615 26.15669215 27.61594665 24.72277618]
 [ 0.          0.          0.          0.        ]
 [ 1.2717152   0.          4.14070015 19.75000017]
 [14.18004178 13.1187675  22.72501958 13.34897575]
 [ 0.          0.          0.          0.        ]
 [23.37899268 15.33928058 23.49986618 26.79663206]]
[[24.72971532 21.59886144 22.65592698 21.95400234]
 [ 0.          2.04660646  0.          0.        ]
 [20.77181244 16.83708854 24.61241791 21.37368129]
 [17.21126918 17.81768917 23.38108185 14.66667467]
 [ 0.          0.          0.          0.        ]
 [21.42883499 21.76585403  7.63615185 24.02934817]]
[[19.98182463 17.7238042  19.38365437 17.68576119]
 [ 0.          0.          0.          0.        ]
 [17.05401276 17.19081529 15.93042799 15.00876164]
 [10.91204773  9.68415594 12.7880907   6.67508454]
 [ 0.          0.          0.          0.        ]
 [14.15534004 11.79095441 14.22970216 20.2342509 ]]
[[22.41360123 21.68580718 30.17867587 22.23129823]
 [ 0.          0.          0.          0.        ]
 [17.51717336 20.25832404 25.40220466 25.27139857]
 [16.18805869 17.69059174 17.94128523 17.63580782]
 [ 0.          0.          0.          0.        ]
 [29.03257366 19.81419876 21.47182555 10.14221925]]
[[15.44241103 13.9698451  21.5252203  11.23587199]
 [ 0.          0.          0.          0.        ]
 [38.72458463 41.52293387 41.51012662 38.96252827]
 [ 0.84890078  0.         15.68034015  3.06140219]
 [ 0.          0.          0.          0.        ]
 [40.80087301 34.90406737 37.7302325  37.76561535]]
[[24.30070622 18.35671278 17.64661537 11.42678593]
 [ 0.          0.          0.          0.        ]
 [34.93735138 36.07716192 36.06579229 35.30083633]
 [25.53531063  2.30477775  1.60845281  0.        ]
 [ 0.          0.          0.          0.        ]
 [32.02048468 31.85240963 32.15975688 31.60923263]]
