[[24.46501436 25.58992269 35.75454612 22.65802457]
 [ 1.8149267   0.          0.          0.        ]
 [29.80017579 31.06392862 29.68859752 29.70320179]
 [21.80740085 21.8525888  21.79155077 21.81183451]
 [ 0.          0.          0.          0.        ]
 [20.29683664 15.25356974 12.6691209  32.52361958]]
[[19.01953119 16.3899938  17.98875245 17.8556039 ]
 [ 0.          0.          0.          0.        ]
 [26.73607849 26.74897313 26.75084004 26.94366209]
 [24.46198373 21.19727822 19.93460087 21.22473021]
 [ 0.          0.          0.          0.        ]
 [16.73729043 22.55636083 19.09548032 15.26928237]]
[[22.56943889 20.16737472 20.33310299 17.21847766]
 [ 0.          0.          0.          0.        ]
 [24.5165203  23.44650682 23.58966506 24.1289247 ]
 [21.4806818  20.27836361 23.4285011  21.1102678 ]
 [ 0.          0.          0.          0.        ]
 [25.1230424  24.46878473 24.57908251 25.78715975]]
[[20.72130369 23.62360741 21.18500636 20.50998231]
 [ 0.          0.          0.          0.        ]
 [29.8017738  29.15156035 30.26144199 29.78082262]
 [20.99439754 20.16962702 27.6076822  21.36893811]
 [ 0.          0.          0.          0.        ]
 [30.74339401 30.83846327 30.60718921 30.94805688]]
[[23.990276   18.97776114 19.27322489 21.60084883]
 [ 0.          0.          0.          0.        ]
 [33.23360931 32.76767113 32.06502116 32.55688836]
 [19.53458273 21.12484131 22.33025774 21.01768707]
 [ 0.          0.          0.          0.        ]
 [30.84614602 30.99034148 30.6615929  30.73099579]]
[[25.09011403 17.08004627 20.61234824 20.978609  ]
 [ 0.          0.          0.          0.        ]
 [28.06029206 27.81661887 27.32420968 28.20320402]
 [26.17387563 24.55603515 23.58640031 24.82475012]
 [ 0.          0.          0.          0.        ]
 [29.00762356 28.99628051 28.97807004 28.32999715]]
[[27.70010404 24.41705716 24.58413239 24.55273066]
 [ 0.          0.          0.          0.        ]
 [31.00053539 30.49133475 43.4434467  31.1033941 ]
 [21.33024489 20.28774464 25.13334444 20.68460014]
 [ 0.          0.          0.          0.        ]
 [43.57708657 32.73285625 35.81963275 32.09174945]]
[[27.99558423 21.22787276 21.25547516 21.07276362]
 [ 0.          0.          0.          0.        ]
 [28.9013989  32.5913887  29.89495223 29.27416982]
 [28.2032077  27.80368172 27.90337313 28.81869503]
 [ 0.          0.          0.          0.        ]
 [20.62051332 21.47430485 20.92000339 24.64119705]]
[[19.85198015 19.50883775 19.95664412 21.38270456]
 [ 0.          0.          0.          0.        ]
 [27.48248386 27.0240425  27.36962196 26.8087807 ]
 [21.7053004  21.6239727  22.87623337 21.15148523]
 [ 0.          0.          0.          0.        ]
 [24.8680969  25.47265652 24.58033964 23.67425672]]
[[20.27627688 26.2769682  19.82158179 20.04050575]
 [ 0.          0.          0.          0.        ]
 [35.21956222 35.06214178 35.29988702 34.71845987]
 [19.64024814 19.64066804 24.78605994 20.12661457]
 [ 0.          0.          0.          0.        ]
 [28.06641386 28.09803121 28.04496698 27.93021193]]
[[23.14561829 18.98406465 14.88057966 18.60329479]
 [ 0.          0.          0.          0.        ]
 [31.54368323 31.67922704 34.67260658 29.54502688]
 [28.8220624  23.25691394 23.8454145  24.90425858]
 [ 0.          0.          0.          0.        ]
 [37.50225774 27.83428918 25.2629247  27.80991589]]
[[21.6781548  23.1778563  33.68038872 22.75703122]
 [ 0.          0.80731878  1.3799856   0.        ]
 [21.55094284 26.96846796 22.73887868 26.17296855]
 [14.14006112 14.33131336 19.6074178  13.75479567]
 [ 0.          0.          0.          0.        ]
 [29.31540222 30.84957367 27.75304921 26.80593234]]
[[23.12194549 20.49681745 23.54427114 20.72275511]
 [ 0.          0.          0.          0.        ]
 [25.20740377 25.78343091 25.97886031 25.26776146]
 [17.29517084 20.98255048 20.60821354 20.05387644]
 [ 0.          0.          0.          0.        ]
 [27.8466319  26.18469399 26.88072189 26.66816045]]
[[22.27473564 22.23234411 22.30536799 22.31480463]
 [ 0.          0.          0.          0.        ]
 [30.3645534  28.98500602 38.46291491 28.46851869]
 [20.07037526 20.46038863 22.36940866 21.14888649]
 [ 0.          0.          0.          0.        ]
 [38.35001688 29.70855281 29.76598319 31.41124226]]
[[23.24407119 22.28791769 22.27515653 21.89588507]
 [ 0.          0.          0.          0.        ]
 [27.01513327 26.29649323 27.4791184  27.1091416 ]
 [26.5347452  24.02403659 23.21716697 22.96295233]
 [ 0.          0.          0.          0.        ]
 [30.17278398 25.94566737 26.80994557 25.39611302]]
[[22.88283053 24.39117446 36.35766631 24.13032389]
 [ 0.          0.          0.          0.        ]
 [19.55864866 23.82336245 26.95824201 28.1666135 ]
 [21.76885279 21.33169703 24.23107673 21.47453459]
 [ 0.          0.          0.          0.        ]
 [26.21364273 27.13859095 26.04216747 30.84051199]]
[[25.12301164 20.26509645 18.67737998 20.69736215]
 [ 0.          0.          0.          0.        ]
 [16.03395118 26.00623307 13.22755311 18.17204209]
 [23.49421647 21.44913144 23.42449163 23.4604582 ]
 [ 0.          0.          0.          0.        ]
 [29.09263166 28.07590965 28.55161111 30.79725607]]
[[25.57268184 19.77299883 22.10765814 20.28429144]
 [ 1.58071348  0.          0.          0.        ]
 [33.49566195 32.36505631 36.75374021 30.38353258]
 [22.62282177 16.98796822 22.63763871 18.17242183]
 [ 0.          0.          0.          0.        ]
 [31.86035167 27.56013189 26.6680789  27.99601664]]
[[24.36803384 19.83903634 20.4986496  21.68254162]
 [ 0.          0.          0.          0.        ]
 [34.75289975 28.26635155 34.58995768 33.06226937]
 [20.1025909  17.74107607 23.2153355  20.34187353]
 [ 0.          0.          0.          0.        ]
 [35.96105429 30.92058564 31.40774541 30.37670438]]
[[24.33203093 16.49350599 17.53705015 13.8225042 ]
 [ 0.          0.          0.          0.        ]
 [25.88855675 28.64267288 33.87408945 26.56397867]
 [21.84782633 21.75306792 24.37796549 22.55855693]
 [ 0.          0.          0.          0.        ]
 [34.89073477 31.45414835 32.7209452  30.07694607]]
[[22.72711591 18.46042983 28.462488   14.21351486]
 [ 0.          0.          0.          0.        ]
 [29.17433556 29.26082351 30.16083646 30.8332583 ]
 [27.78392868 26.80963924 26.98259495 26.22170282]
 [ 0.          0.          0.          0.        ]
 [31.70732657 30.55454269 30.83238814 30.59903236]]
[[30.97527651 31.43307718 37.85634327 29.20844123]
 [ 0.          0.          0.          0.        ]
 [20.81655548 25.71775684 23.09255139 23.04345421]
 [22.99216821 23.12668711 27.10249123 23.19497024]
 [ 0.          0.          0.          0.        ]
 [28.8000089  28.04800341 26.86751167 36.35426874]]
[[27.36631754 22.55883132 23.98380185 23.48718358]
 [ 1.69913504  0.          0.          0.        ]
 [25.198974   24.55233137 25.21159604 24.76659494]
 [19.30781941 20.22726664 21.52246963 20.61054742]
 [ 0.          0.          0.          0.        ]
 [25.76013328 26.18265503 25.89785205 27.61596803]]
[[26.82349532 24.11642715 22.09646228 25.374166  ]
 [ 0.          0.          0.          0.        ]
 [27.10471936 27.94195925 27.45440679 30.68991236]
 [22.45177392 25.06719614 24.60200863 23.99591618]
 [ 0.          0.          0.          0.        ]
 [26.20404309 25.91149086 26.09859034 26.46922906]]
[[28.30481551 27.23498424 28.34503741 30.13244474]
 [ 0.          0.          1.52718302  0.        ]
 [13.23069934 24.79111553  1.89520461  0.        ]
 [20.56752883 19.91740219 25.00032336 18.41501318]
 [ 0.          0.          0.          0.        ]
 [28.86301928 29.14850296 28.6788443  25.96979778]]
