[[30.41974376 23.37710403 19.15758496 18.8656914 ]
 [23.96852185  5.28880766  4.87138769  6.02387098]
 [35.44785331 34.39335333 36.73636409 29.23116608]
 [14.14453554 13.08998092 26.64931149 12.18635161]
 [ 0.          0.          0.          0.        ]
 [36.81223155 37.16316656 36.98722738 35.84940527]]
[[20.15062672 20.27251324 19.88519045 19.77444285]
 [ 0.          0.          0.          0.        ]
 [14.93071562  9.96792365 12.27844953 20.72898045]
 [10.48114079 10.54525977 10.45384255 10.51872466]
 [ 0.          0.          0.          0.        ]
 [36.23946711 36.24454919 36.28937119 36.68457068]]
[[38.37135415 13.68958854 13.92397717 14.6269242 ]
 [ 4.79637435 22.23248239  2.51198437  1.76928891]
 [33.23831073 29.69024034 53.48198236 25.49992339]
 [13.3369898  14.69635256 18.37882573 16.28070456]
 [ 0.          0.          0.          0.        ]
 [57.09957727 44.80937993 48.69791512 41.21913145]]
[[20.47630729 14.44942286 12.36197331 10.59144229]
 [ 0.         11.96358075  0.          0.        ]
 [34.79477445 34.06521828 35.21096951 31.9456936 ]
 [11.09500469 12.20413231 19.17418332 10.31346786]
 [ 0.          0.          0.          0.        ]
 [14.4781565  21.79250636  7.13222459 10.62150053]]
[[14.08027508  6.90698595 25.67183162  9.87921229]
 [ 4.19834503  2.52806894  3.73828215 19.84396278]
 [35.4792215  33.28957371 45.6039696  34.16221342]
 [ 5.18352197  5.62859234  7.30596674  5.26545409]
 [ 0.          0.          0.          0.        ]
 [39.53049911 38.3223     38.9726545  39.10499192]]
[[10.48914438 10.29758277 10.68375926 10.48033831]
 [ 0.         12.65472311  0.          1.72732161]
 [ 3.73068814 13.28320576 17.92675289 20.99683411]
 [ 4.27004849  7.15868205 17.2439068   4.95603479]
 [ 0.          0.          0.          0.        ]
 [30.60398319 30.10433586 34.18314298 31.52280989]]
[[19.09084224 11.96973157 16.10989807 14.43521637]
 [ 0.          9.55585925  0.          0.        ]
 [38.81158331 38.03919987 41.41679459 37.31335482]
 [ 2.97469123  5.45501897 18.72420773 11.20163103]
 [ 0.          0.          0.          0.        ]
 [35.2105737  35.28814486 35.42513063 35.45124562]]
[[21.25243591 15.67890246 15.89692482 16.70611874]
 [ 0.          0.          0.          0.        ]
 [40.95266054 24.2824873  23.90155902 24.02027044]
 [11.32877608 15.31064024 24.63253096 13.08513043]
 [ 0.          0.          0.          0.        ]
 [11.68666098  6.54967587  4.99315768 26.90179154]]
[[26.2172621  19.06416733 21.67114004 16.65832834]
 [ 2.56652734  0.          4.36975276 13.33131531]
 [36.2117444  29.62990773 34.7373913  32.40696451]
 [16.43154082 18.52191523 25.52471387 16.18782231]
 [ 0.          0.          0.          0.        ]
 [34.47679093 32.61345401 40.94786697 32.68430443]]
[[14.08584765 13.40946252 13.20983588 11.29618461]
 [ 0.          0.          9.44298229  3.01753517]
 [47.80021586 46.99193284 51.26690975 47.14307065]
 [ 8.63229762  8.48136915  9.64546405 10.33197603]
 [ 0.          0.          0.          0.        ]
 [28.69388152 30.25201658 30.88423261 30.66044274]]
[[24.03241473 20.70440758 28.22640326 21.18171468]
 [ 5.07606457 19.1746293   0.          0.        ]
 [36.40777632 35.22228375 37.08816542 33.78797592]
 [10.02077688 10.20261727 30.27335252 10.11252554]
 [ 0.          0.          0.          0.        ]
 [33.87307902 33.0470778  33.60922177 32.91509783]]
[[20.95082158 12.9524831  32.13071452 15.4002419 ]
 [ 0.          0.          0.          0.        ]
 [40.58306453 34.53427082 35.14419391 32.14925511]
 [17.25174576 14.55653037 20.41094711 15.43592162]
 [ 0.          0.          0.          0.        ]
 [37.92825672 35.59522461 36.47124582 34.99405743]]
[[16.88049495 16.47427577 16.68390704 16.48046962]
 [ 0.          0.          0.          0.        ]
 [37.99995924 26.98395537 29.73947957 27.10791603]
 [12.04809594 10.26444518 11.89430227 11.95322142]
 [ 0.          0.          0.          0.        ]
 [15.73114423 25.8113929  10.34868527 14.25509924]]
[[26.43255028 11.70955545  8.54751563 11.4711779 ]
 [ 0.          0.          0.          0.        ]
 [15.64427245 23.38514134 14.36972013 10.44454321]
 [12.63388565  7.31719599 22.06824972 10.10872584]
 [ 0.          0.          0.          0.        ]
 [30.02786524 29.54896445 29.74760093 29.75770256]]
[[25.7275271  16.09926613 19.80484302 17.91144381]
 [ 2.38390515  2.96471593  0.          8.96908203]
 [36.8551802  31.30944685 30.21131455 29.71813666]
 [23.94297244 19.29842685 29.47579267 22.11499825]
 [ 0.          0.          0.          0.        ]
 [37.77161622 38.0212218  38.4391872  37.84061736]]
[[ 4.75013718  4.64766852  5.39451433  9.73960376]
 [ 0.          0.          1.63557456  7.91374947]
 [28.49768153 24.96624382 43.32095066 29.37525524]
 [21.0171507  10.6055686  11.36309027  7.43403703]
 [ 0.          0.          0.          0.        ]
 [44.79973406 32.22217769 33.29643972 33.18104082]]
[[24.89356952 15.86739303 15.62776754 16.79196759]
 [ 0.          0.          2.32134408  0.        ]
 [43.85048    38.05501878 43.31044172 41.67927772]
 [15.06273272 16.83244626 24.64428173 16.55449665]
 [ 0.          0.          0.          0.        ]
 [41.10056621 33.99479258 40.27546938 37.6617222 ]]
[[21.14242168 16.22184308 18.30702616 15.84042591]
 [10.51894542  2.94222937 28.33718829  7.41761098]
 [32.65588658 29.1083787  24.48546383 26.04332654]
 [17.45413226 11.81299499 12.13260947 10.92808573]
 [ 0.          0.          0.          0.        ]
 [15.13372328 16.35006561 11.42769904 22.83241334]]
[[25.06304085 12.73827773 13.41996876 14.17991584]
 [ 2.57956669  9.14621396 18.18214432  2.69092866]
 [33.61847725 34.41283144 49.96174758 34.42690885]
 [10.5687454  10.40761319 20.63921565 10.29614517]
 [ 0.          0.          0.          0.        ]
 [49.86398249 38.37426222 37.82850666 38.93331384]]
[[12.89071204 12.90485264 12.93347647 12.98067392]
 [ 0.          6.427306    0.          0.        ]
 [39.61789324 38.66119421 47.21852529 41.34231663]
 [16.25803071 15.34162915 36.99292365 15.27018002]
 [ 0.          0.          0.          0.        ]
 [50.60696952 34.07906726 38.53176485 33.28041056]]
[[ 7.53845247  8.56646371 21.40441044  6.72269271]
 [ 0.         15.30617743  0.          0.        ]
 [46.51061787 43.13130228 49.60050747 42.82982787]
 [28.39328289  9.54752071  9.49770537 11.27184197]
 [ 0.          0.          0.          0.        ]
 [51.49074821 44.77729115 45.92674247 46.15877735]]
[[22.28165449 12.29435778 11.94673488  9.68452745]
 [ 0.          0.          0.          0.        ]
 [24.60744805 31.72499771 48.46924219 27.289259  ]
 [13.92350161 12.79291893 21.61437842 14.03694792]
 [ 0.          0.          0.          0.        ]
 [49.642172   35.9790948  36.95270314 32.59213364]]
[[12.15368017 11.9753143  12.24646639 12.10842765]
 [ 2.36332664  2.78061261 20.61324417  4.19501903]
 [20.79163761 20.37435671 20.82003999 19.83299438]
 [ 5.27517589  6.18412576 10.64023018  5.67763194]
 [ 0.          0.          0.          0.        ]
 [13.50195701 10.199944   13.85766424 19.13953225]]
[[ 8.73731699  8.52263303  8.62524145  8.64626668]
 [ 4.35544681  2.99445166  0.         15.51215712]
 [43.37525983 36.87519457 37.45087069 36.65983907]
 [13.8919966  14.44261364 16.64659763  8.7034812 ]
 [ 0.          0.          0.          0.        ]
 [38.95868529 32.45021001 31.53020339 30.41959721]]
[[22.8087283  22.18657122 28.23355987 22.40542478]
 [ 2.20557371  0.          0.         16.28309481]
 [36.89586461 35.43826313 37.90747953 34.341545  ]
 [18.70373089 15.56126818 27.04926326 16.37626174]
 [ 0.          0.          0.          0.        ]
 [31.4641921  26.1700362  35.76320169 29.1438188 ]]
