[[15.75304827 11.79842   ]
 [19.77194744 17.96830701]
 [37.68311427 30.75876432]]
[[20.72406448 11.86924569]
 [20.73618745 19.60141369]
 [35.65902491 35.45860307]]
[[ 9.62237869  9.62132407]
 [20.91620853 19.09304943]
 [35.02807168 30.35880152]]
[[ 8.25109335  8.21543725]
 [20.73522256 20.26784487]
 [41.11269079 35.81242532]]
[[16.90436964 10.68087231]
 [22.46076518 18.35039168]
 [33.94602941 32.03563802]]
[[10.24819642  3.37147301]
 [19.87367431 18.37213576]
 [43.28933348 37.8887853 ]]
[[ 1.250295    1.28260319]
 [21.95070422 18.72145192]
 [49.74049887 34.59016198]]
[[11.97501702  6.51193109]
 [21.65810896 17.43579764]
 [43.84887269 40.4221491 ]]
[[22.62694202 18.69822615]
 [20.16111306 19.53518927]
 [38.53063411 34.88527403]]
[[22.31698322 13.77155769]
 [22.64548103 20.04781286]
 [44.84533423 37.07072332]]
[[24.96285917 14.24159747]
 [20.28881399 19.19241613]
 [35.18879837 32.4989058 ]]
[[20.52798042 10.2291405 ]
 [22.20085061 16.38470007]
 [37.23241203 37.6056729 ]]
[[23.2889872  17.28310485]
 [20.6407998  20.06861385]
 [43.82219556 34.31184675]]
[[21.60581696 19.2766226 ]
 [20.55827305 19.85419237]
 [44.96675905 39.56548175]]
[[14.83611236  2.87237593]
 [20.50586134 16.44264772]
 [39.78707655 38.48576396]]
[[23.4152324  12.10888613]
 [21.35399329 16.74392249]
 [30.74091015 28.78069605]]
[[19.48086353 14.92993216]
 [20.21980674 18.36697776]
 [41.99472768 35.11929586]]
[[20.29898582 18.03608663]
 [20.9196093  18.86217973]
 [34.82335409 35.68655337]]
[[21.5196838  13.58080718]
 [21.27854158 18.97473868]
 [43.66749962 40.497244  ]]
[[19.88188715 16.7400181 ]
 [19.10787572 19.13871489]
 [33.60420279 29.95834877]]
[[22.67559907 17.0850814 ]
 [21.21450823 19.29260518]
 [33.68679169 28.15085075]]
[[21.18604093 13.89523484]
 [21.51333182 18.60315611]
 [37.57837822 35.53679351]]
[[ 5.77658054  5.67094482]
 [19.86472882 20.14686585]
 [40.60039955 33.32332262]]
[[24.5516564  20.65376026]
 [20.68340771 20.05118479]
 [34.71532797 29.7314783 ]]
[[23.21502606 16.75991131]
 [20.55520211 19.23742427]
 [38.77920697 35.99413993]]
